32959
1279
0 942
1 942
2 942
3 942
4 942
5 942
6 942
7 942
8 942
9 942
10 942
11 942
12 942
12 943
13 943
14 943
15 943
15 942
16 942
17 942
17 943
18 943
19 943
20 943
21 943
22 943
22 944
23 944
24 944
24 945
25 945
26 945
27 945
28 945
28 946
28 947
29 947
30 947
30 948
31 948
32 948
33 948
34 948
34 949
34 950
34 951
35 951
35 952
35 953
36 953
37 953
37 954
38 954
38 955
39 955
40 955
40 956
41 956
42 956
43 956
44 956
45 956
46 956
47 956
48 956
49 956
50 956
51 956
52 956
52 957
52 958
52 959
53 959
53 960
53 961
54 961
55 961
56 961
57 961
57 962
57 963
58 963
59 963
59 964
60 964
61 964
61 965
62 965
63 965
64 965
65 965
66 965
67 965
67 966
68 966
69 966
70 966
71 966
71 967
72 967
73 967
74 967
75 967
76 967
77 967
78 967
78 968
79 968
80 968
81 968
82 968
82 967
83 967
84 967
85 967
86 967
87 967
88 967
89 967
89 966
89 965
90 965
91 965
91 964
91 963
92 963
92 962
92 961
93 961
94 961
95 961
96 961
97 961
97 960
98 960
99 960
99 959
100 959
101 959
102 959
103 959
104 959
105 959
106 959
107 959
108 959
109 959
110 959
110 960
111 960
112 960
113 960
114 960
114 961
115 961
116 961
117 961
118 961
119 961
120 961
121 961
122 961
123 961
124 961
125 961
126 961
127 961
128 961
129 961
130 961
131 961
132 961
132 960
133 960
134 960
135 960
136 960
137 960
138 960
139 960
140 960
141 960
141 959
142 959
142 958
143 958
144 958
145 958
146 958
147 958
148 958
149 958
150 958
150 957
150 956
151 956
152 956
153 956
153 955
153 954
153 953
153 952
154 952
155 952
156 952
157 952
157 953
158 953
159 953
160 953
161 953
162 953
162 952
163 952
164 952
165 952
166 952
167 952
168 952
169 952
170 952
171 952
171 951
172 951
173 951
174 951
175 951
176 951
177 951
178 951
179 951
180 951
181 951
182 951
183 951
184 951
185 951
186 951
186 950
187 950
187 949
188 949
189 949
189 948
190 948
191 948
192 948
192 949
193 949
194 949
195 949
196 949
196 948
197 948
198 948
199 948
199 947
200 947
200 946
200 945
201 945
202 945
202 944
202 943
202 942
202 941
203 941
204 941
205 941
206 941
206 940
206 939
207 939
208 939
209 939
210 939
211 939
212 939
212 938
213 938
214 938
215 938
216 938
217 938
218 938
219 938
219 937
220 937
221 937
222 937
223 937
224 937
225 937
226 937
227 937
228 937
229 937
230 937
231 937
231 936
232 936
232 935
233 935
234 935
235 935
236 935
237 935
238 935
238 934
239 934
239 933
240 933
241 933
242 933
242 932
242 931
243 931
244 931
245 931
246 931
247 931
248 931
248 930
248 929
249 929
250 929
251 929
252 929
253 929
254 929
254 928
255 928
256 928
257 928
258 928
259 928
259 927
260 927
261 927
262 927
263 927
264 927
265 927
266 927
267 927
268 927
269 927
270 927
271 927
272 927
273 927
274 927
275 927
276 927
277 927
278 927
279 927
280 927
281 927
281 928
282 928
283 928
284 928
284 927
284 926
285 926
286 926
287 926
287 925
287 924
287 923
287 922
287 921
287 920
288 920
288 919
288 918
289 918
290 918
291 918
292 918
292 917
293 917
294 917
295 917
295 916
296 916
297 916
298 916
299 916
300 916
300 915
301 915
302 915
303 915
303 916
304 916
304 917
305 917
305 918
306 918
307 918
308 918
309 918
309 919
309 920
310 920
311 920
312 920
313 920
313 919
314 919
315 919
315 920
316 920
317 920
317 921
318 921
319 921
320 921
321 921
322 921
323 921
324 921
325 921
326 921
327 921
328 921
329 921
330 921
331 921
332 921
333 921
334 921
335 921
336 921
336 920
336 919
337 919
338 919
339 919
340 919
340 918
341 918
342 918
343 918
344 918
345 918
346 918
346 917
347 917
347 916
348 916
349 916
350 916
351 916
352 916
353 916
354 916
355 916
356 916
356 915
357 915
358 915
358 914
359 914
360 914
361 914
362 914
363 914
363 915
364 915
365 915
366 915
367 915
368 915
369 915
370 915
371 915
372 915
373 915
374 915
374 914
374 913
375 913
376 913
377 913
378 913
379 913
379 912
380 912
381 912
381 911
381 910
381 909
382 909
382 908
383 908
384 908
385 908
385 907
386 907
387 907
388 907
389 907
390 907
391 907
391 908
392 908
392 909
393 909
394 909
395 909
396 909
397 909
398 909
399 909
399 908
400 908
401 908
401 909
401 910
401 911
401 912
402 912
403 912
404 912
405 912
406 912
407 912
408 912
409 912
410 912
411 912
412 912
413 912
414 912
415 912
416 912
417 912
417 913
418 913
418 914
419 914
420 914
421 914
422 914
422 915
422 916
422 917
423 917
423 918
424 918
424 919
425 919
426 919
427 919
428 919
429 919
430 919
431 919
432 919
433 919
434 919
435 919
435 920
436 920
437 920
438 920
439 920
440 920
441 920
442 920
442 919
443 919
444 919
444 918
445 918
446 918
447 918
448 918
449 918
450 918
451 918
452 918
453 918
454 918
455 918
456 918
457 918
458 918
458 919
459 919
460 919
461 919
462 919
463 919
464 919
465 919
465 920
466 920
467 920
468 920
469 920
470 920
471 920
471 921
472 921
473 921
474 921
475 921
475 922
476 922
477 922
478 922
478 921
479 921
480 921
480 922
481 922
482 922
483 922
484 922
485 922
486 922
487 922
488 922
489 922
490 922
491 922
492 922
493 922
493 921
494 921
495 921
495 920
495 919
495 918
496 918
496 917
497 917
497 916
498 916
499 916
500 916
501 916
501 915
502 915
503 915
504 915
505 915
506 915
507 915
508 915
508 916
509 916
510 916
511 916
511 915
512 915
513 915
513 914
514 914
515 914
516 914
517 914
518 914
519 914
519 913
519 912
520 912
520 911
521 911
522 911
523 911
523 910
524 910
525 910
526 910
527 910
528 910
529 910
530 910
531 910
532 910
533 910
534 910
535 910
535 909
536 909
537 909
538 909
539 909
540 909
541 909
542 909
543 909
544 909
544 908
545 908
546 908
547 908
548 908
549 908
550 908
551 908
552 908
553 908
553 907
554 907
555 907
556 907
556 908
557 908
558 908
558 909
558 910
559 910
560 910
560 911
561 911
562 911
563 911
563 912
564 912
565 912
565 913
565 914
566 914
566 915
567 915
568 915
568 916
569 916
570 916
570 917
571 917
572 917
573 917
574 917
574 918
575 918
576 918
577 918
578 918
579 918
580 918
581 918
582 918
583 918
584 918
585 918
586 918
587 918
587 919
588 919
589 919
590 919
591 919
592 919
593 919
594 919
595 919
595 918
596 918
597 918
598 918
599 918
600 918
601 918
602 918
603 918
604 918
605 918
606 918
607 918
608 918
609 918
609 919
609 920
610 920
610 921
611 921
611 922
612 922
613 922
614 922
615 922
616 922
617 922
618 922
619 922
619 923
620 923
620 924
621 924
621 925
621 926
621 927
622 927
623 927
624 927
625 927
626 927
627 927
627 928
627 929
627 930
627 931
628 931
629 931
630 931
631 931
632 931
633 931
634 931
634 930
634 929
635 929
635 928
636 928
637 928
638 928
639 928
639 929
640 929
641 929
642 929
642 930
643 930
644 930
645 930
646 930
647 930
648 930
649 930
650 930
651 930
652 930
653 930
654 930
655 930
656 930
657 930
657 931
658 931
658 932
659 932
660 932
660 931
661 931
662 931
663 931
664 931
664 930
664 929
665 929
666 929
666 928
667 928
667 927
668 927
669 927
670 927
670 926
671 926
672 926
673 926
674 926
675 926
675 927
676 927
677 927
678 927
679 927
680 927
681 927
682 927
682 926
683 926
684 926
684 927
685 927
686 927
687 927
688 927
689 927
689 926
690 926
691 926
692 926
692 927
693 927
694 927
695 927
695 926
695 925
696 925
697 925
698 925
699 925
700 925
701 925
702 925
703 925
704 925
705 925
706 925
707 925
708 925
709 925
709 924
710 924
711 924
712 924
713 924
714 924
715 924
716 924
716 925
717 925
718 925
719 925
720 925
721 925
722 925
723 925
724 925
725 925
725 924
725 923
725 922
726 922
727 922
728 922
729 922
730 922
730 921
731 921
732 921
733 921
733 920
734 920
734 919
735 919
736 919
737 919
738 919
738 918
739 918
740 918
740 917
740 916
740 915
741 915
741 914
742 914
743 914
744 914
745 914
746 914
746 913
746 912
747 912
748 912
749 912
750 912
751 912
752 912
753 912
754 912
755 912
756 912
757 912
758 912
759 912
759 911
760 911
760 910
761 910
762 910
763 910
764 910
765 910
765 909
766 909
766 908
767 908
768 908
769 908
770 908
771 908
771 907
772 907
773 907
774 907
775 907
775 906
776 906
777 906
778 906
779 906
780 906
781 906
782 906
783 906
784 906
785 906
785 905
786 905
787 905
788 905
789 905
790 905
791 905
792 905
793 905
794 905
794 904
794 903
795 903
796 903
797 903
798 903
799 903
800 903
801 903
802 903
803 903
804 903
804 904
805 904
806 904
807 904
808 904
809 904
810 904
810 905
811 905
812 905
813 905
813 904
814 904
814 903
815 903
816 903
817 903
818 903
818 904
819 904
820 904
821 904
822 904
823 904
824 904
825 904
826 904
826 905
826 906
826 907
827 907
827 908
827 909
827 910
828 910
829 910
830 910
831 910
832 910
833 910
833 909
833 908
834 908
834 907
834 906
835 906
835 905
836 905
836 904
836 903
837 903
838 903
839 903
840 903
841 903
842 903
843 903
844 903
845 903
846 903
846 902
847 902
848 902
849 902
850 902
850 901
851 901
852 901
853 901
854 901
855 901
856 901
857 901
858 901
859 901
859 902
860 902
861 902
862 902
863 902
864 902
865 902
866 902
867 902
867 901
868 901
869 901
870 901
871 901
872 901
873 901
874 901
875 901
876 901
876 902
877 902
878 902
879 902
880 902
881 902
882 902
882 901
883 901
884 901
885 901
886 901
887 901
888 901
889 901
890 901
891 901
892 901
893 901
894 901
894 902
895 902
896 902
897 902
898 902
899 902
900 902
901 902
902 902
902 903
903 903
904 903
905 903
905 904
906 904
907 904
907 905
908 905
909 905
910 905
911 905
911 904
912 904
913 904
914 904
914 903
915 903
916 903
917 903
918 903
919 903
920 903
920 904
920 905
921 905
921 906
922 906
923 906
923 907
924 907
925 907
926 907
927 907
928 907
928 908
929 908
930 908
931 908
932 908
933 908
934 908
935 908
936 908
937 908
938 908
938 909
938 910
938 911
939 911
940 911
941 911
942 911
943 911
943 912
944 912
944 913
945 913
945 914
946 914
946 915
946 916
947 916
948 916
949 916
950 916
951 916
952 916
953 916
954 916
955 916
956 916
957 916
958 916
959 916
960 916
961 916
962 916
963 916
964 916
964 917
965 917
965 918
966 918
967 918
968 918
969 918
970 918
970 917
970 916
970 915
971 915
972 915
972 914
972 913
973 913
974 913
974 914
975 914
976 914
977 914
977 915
978 915
979 915
980 915
981 915
981 914
982 914
983 914
984 914
985 914
986 914
987 914
988 914
989 914
989 913
990 913
991 913
992 913
993 913
994 913
995 913
996 913
997 913
998 913
999 913
