1000
33610
33533
33521
33532
33580
33562
33598
33569
33565
33567
33474
33469
33409
33454
33492
33581
33539
33524
33473
33446
33406
33418
33453
33515
33525
33549
33538
33507
33542
33557
33556
33467
33547
33643
33619
33550
33470
33493
33537
33516
33490
33511
33493
33448
33393
33428
33483
33506
33545
33627
33642
33689
33596
33501
33539
33484
33427
33416
33445
33443
33448
33497
33554
33549
33454
33505
33475
33446
33441
33447
33543
33488
33447
33472
33451
33442
33424
33523
33462
33434
33461
33428
33403
33407
33390
33362
33342
33305
33375
33377
33282
33321
33367
33368
33404
33447
33414
33426
33409
33365
33401
33309
33307
33290
33223
33175
33151
33180
33203
33215
33216
33224
33262
33326
33286
33319
33270
33273
33247
33260
33200
33290
33300
33286
33316
33317
33309
33244
33188
33184
33165
33195
33213
33227
33187
33177
33241
33180
33231
33262
33293
33269
33309
33305
33300
33265
33319
33367
33423
33465
33409
33447
33457
33475
33483
33494
33502
33527
33546
33610
33654
33640
33658
33684
33736
33809
33731
33712
33644
33691
33667
33747
33690
33591
33566
33573
33560
33604
33624
33542
33498
33501
33568
33634
33709
33736
33763
33798
33850
33830
33822
33871
33841
33803
33794
33785
33829
33778
33794
33705
33764
33831
33809
33868
33913
33855
33828
33796
33865
33931
33890
33854
33810
33793
33790
33782
33685
33654
33635
33642
33663
33601
33643
33559
33605
33609
33611
33648
33716
33759
33667
33637
33674
33729
33676
33676
33758
33743
33754
33805
33821
33884
33785
33709
33764
33735
33743
33809
33817
33909
33859
33845
33870
33894
33860
33846
33775
33761
33800
33831
33870
33829
33857
33882
33903
33822
33779
33777
33746
33735
33698
33717
33770
33751
33697
33653
33685
33654
33589
33521
33597
33652
33610
33660
33652
33639
33614
33583
33640
33698
33687
33754
33800
33760
33685
33710
33630
33678
33715
33669
33669
33767
33833
33874
33861
33872
33831
33746
33705
33628
33609
33594
33669
33595
33548
33538
33544
33509
33505
33505
33511
33544
33557
33510
33515
33519
33609
33605
33570
33551
33545
33508
33513
33517
33530
33548
33646
33662
33564
33552
33547
33543
33503
33488
33443
33433
33423
33492
33504
33456
33398
33400
33491
33516
33428
33428
33472
33478
33544
33459
33448
33380
33355
33319
33400
33419
33496
33408
33348
33364
33370
33441
33478
33486
33536
33531
33534
33538
33624
33662
33622
33605
33621
33646
33651
33555
33567
33580
33487
33425
33450
33472
33393
33413
33379
33385
33481
33515
33552
33585
33528
33571
33591
33600
33606
33682
33593
33523
33571
33595
33541
33486
33424
33420
33421
33407
33343
33336
33393
33428
33362
33408
33475
33443
33432
33421
33395
33392
33425
33483
33426
33462
33448
33478
33499
33474
33482
33459
33470
33490
33569
33508
33468
33382
33286
33268
33243
33189
33212
33255
33193
33238
33275
33292
33257
33307
33354
33383
33304
33293
33281
33241
33220
33267
33174
33226
33229
33240
33222
33199
33265
33227
33262
33280
33304
33379
33477
33490
33467
33421
33520
33471
33520
33556
33540
33528
33552
33514
33489
33490
33499
33535
33605
33612
33589
33633
33567
33579
33632
33705
33747
33746
33786
33807
33779
33753
33700
33785
33808
33815
33815
33775
33789
33848
33757
33783
33689
33704
33790
33806
33709
33762
33726
33782
33691
33705
33642
33621
33649
33691
33681
33773
33818
33874
33824
33770
33846
33755
33712
33663
33584
33576
33594
33615
33574
33618
33617
33583
33543
33550
33525
33444
33522
33502
33512
33509
33460
33496
33449
33498
33460
33442
33383
33411
33479
33495
33485
33495
33413
33415
33357
33371
33461
33495
33477
33507
33442
33500
33453
33481
33543
33478
33429
33488
33443
33529
33581
33541
33492
33463
33515
33569
33603
33635
33616
33622
33658
33645
33649
33636
33649
33723
33684
33747
33802
33864
33861
33839
33807
33805
33845
33886
33819
33802
33865
33822
33781
33759
33703
33624
33699
33665
33621
33697
33767
33724
33724
33669
33719
33664
33648
33648
33706
33630
33712
33758
33713
33723
33644
33613
33623
33610
33560
33529
33614
33558
33572
33492
33510
33504
33537
33472
33452
33472
33520
33598
33600
33604
33641
33669
33741
33779
33780
33774
33873
33850
33842
33846
33859
33802
33709
33715
33731
33825
33726
33758
33800
33796
33830
33760
33721
33757
33801
33845
33801
33834
33775
33738
33687
33713
33690
33766
33752
33688
33608
33621
33614
33621
33631
33571
33566
33595
33537
33498
33591
33660
33606
33596
33638
33570
33584
33627
33722
33686
33637
33656
33666
33598
33555
33593
33577
33508
33497
33582
33561
33474
33486
33471
33568
33481
33436
33440
33481
33513
33554
33574
33537
33461
33484
33439
33417
33444
33377
33378
33341
33361
33287
33273
33250
33293
33300
33339
33393
33476
33424
33423
33434
33420
33343
33337
33325
33303
33374
33390
33474
33464
33426
33494
33516
33461
33464
33420
33460
33395
33469
33523
33563
33570
33519
33485
33515
33485
33531
33497
33569
33596
33521
33605
33518
33482
33526
33427
33394
33364
33356
33394
33338
33297
33264
33314
33258
33302
33294
33248
33308
33380
33386
33329
33390
33421
33373
33443
33413
33466
33455
33473
33455
33398
33412
33421
33488
33494
33458
33388
33398
33410
33462
33439
33419
33407
33439
33503
33589
33608
33530
33559
33488
33517
33507
33538
33474
33541
33598
33633
33676
33592
33664
33635
33638
33564
33635
33655
33645
33577
33585
33581
33586
33640
33639
33656
33695
33637
33609
33575
33541
33583
33668
33590
33673
33696
33745
33696
33700
33796
33881
33831
33877
33898
33814
33886
33911
33952
34017
34108
34118
34068
34119
34045
34022
33969
33889
33916
33935
33978
33937
33923
33974
33969
33950
33896
33913
34002
33939
33961
33934
33931
33872
33781
33783
33821
33760
33704
33655
33653
33632
33592
33612
33513
33532
33463
33503
33461
33376
33318
33305
33277
33253
33252
33236
33243
33252
33318
33291
33226
33128
33140
33117
33034
33028
32961
32981
32982
32959
32981
33077
33049
33012
33043
33059
33127
33094
33016
33076
33113
33104
33074
33074
33097
33174
33179
33092
33055
33108
33148
33116
33184
33176
33222
33151
33136
33170
33159
33140
33231
33176
33155
33197
33229
33225
33269
33247
33319
33230
33296
33341
33264
33298
33255
33238
33237
33265
33333
33329
33338
33329
33376
33377
33376
33338
33419
